code	race	age	sex	durill	exponeur	cpz	td	htra	t102
7201	1	48	1	NA	20	550.00	3	NA	0
7226	1	59	1	27	18	600.00	3	0	1
7219	1	38	1	NA	7	350.00	3	1	1
7222	1	55	1	30	28	50.00	3	2	1
7217	1	69	1	NA	30	125.00	1	1	1
7208	1	46	1	31	26	250.00	3	NA	1
7214	1	49	1	29	25	125.00	3	2	2
4034	1	52	1	32	11.5	500.00	1	2	2
7228	1	0	1	16	12	800.00	3	1	1
7223	1	51	1	NA	8.5	650.00	1	1	1
7224	1	52	1	NA	34	262.50	3	2	2
7220	1	41	1	26	12	975.00	3	2	2
7216	1	48	1	26	13	312.50	3	2	2
7212	1	54	1	NA	8	325.00	1	2	2
7205	1	55	1	36	30	437.50	1	1	1
7206	1	52	1	24	7	2600.00	3	0	0
7211	2	55	1	31	29	500.00	1	2	2
7210	1	46	1	26	18	150.00	1	1	1
7227	1	52	1	28	23.5	562.50	1	1	1
7215	1	40	1	21	18	812.50	1	1	1
7221	1	44	1	29	22	193.75	1	2	2
7204	1	51	1	NA	8	450.00	1	1	1
4314	1	39	1	12	6	575.00	3	1	1
4324	1	53	1	33	33	1750.00	3	2	1
4313	1	61	1	41	30	200.00	3	1	1
4308	1	56	1	21	6	62.50	1	1	0
4316	1	56	1	33	6	450.00	1	2	2
4003	1	48	1	NA	20	312.50	1	2	2
4319	1	48	1	28	24	1550.00	3	2	2
4309	1	49	1	32	26	487.50	1	2	2
4318	1	63	1	29	28	362.50	1	2	2
4304	1	59	1	40	26	325.00	1	1	1
4321	1	56	1	32	13	575.00	1	2	2
4303	1	46	1	21	6	375.00	3	1	1
4305	1	51	1	27	18	175.00	1	2	2
4317	1	40	1	24	8	1162.50	3	2	2
4301	1	54	1	27	20	1750.00	3	0	0
4320	1	62	1	32	27	200.00	1	NA	1
4325	1	55	1	12	7	231.25	1	1	0
5227	1	70	1	38	27	137.50	3	2	2
4322	1	47	1	30	20	950.00	3	2	2
5520	1	66	2	36	15	25.00	1	1	1
4006	1	41	1	24	9	1016.70	3	NA	2
5506	1	55	2	28	21	150.00	3	1	1
5522	1	53	2	29	18	350.00	3	1	1
5504	1	61	2	12	3	125.00	1	2	2
5503	1	61	2	NA	4.5	0.00	1	0	0
5510	1	60	2	37	26	125.00	3	2	2
5501	1	62	2	13	13	50.00	1	2	2
5508	1	62	2	5	11.5	1100.00	3	1	1
5511	1	58	2	38	33	2100.00	3	2	2
5524	1	62	2	37	26	25.00	3	0	0
5507	1	67	2	35	33	192.00	3	2	2
5509	1	61	2	28	16	275.00	1	0	0
5512	1	60	2	37	32	200.00	1	2	2
5518	1	58	2	11	5	750.00	1	1	1
4005	1	38	1	10	3	2550.00	3	0	1
5521	1	56	2	17	7	275.00	1	1	1
5516	1	54	2	34	30	500.00	3	NA	1
5502	1	41	2	16	5	325.00	3	1	1
5513	1	57	2	36	15	312.50	3	0	0
4015	1	42	1	24	19.5	2375.00	3	2	2
5517	1	43	2	23	15.5	175.00	3	0	0
5519	1	47	2	21	2	150.00	1	2	2
5505	1	55	2	30	19.5	250.00	3	2	2
5523	1	66	2	36	25	125.00	1	2	2
4022	1	58	1	36	14.5	125.00	1	2	2
5525	1	63	2	34	20	1500.00	1	NA	NA
5514	1	53	2	32	20	300.00	1	1	1
5639	1	65	2	38	25	225.00	1	2	2
5637	1	41	2	27	24	375.00	3	2	2
4026	1	56	1	NA	7	150.00	3	1	1
5649	1	57	2	34	18	500.00	1	1	1
5650	1	49	2	22	21	1662.50	1	1	1
5629	1	64	2	42	39.5	25.00	1	2	2
5643	1	45	2	23	12	550.00	3	0	0
5607	1	52	2	29	26	833.30	3	2	2
5606	1	59	2	38	32.5	550.00	3	1	1
5656	1	60	2	41	35	500.00	3	0	0
5653	1	58	2	27	6.5	237.50	3	2	2
5631	1	64	2	43	22	162.50	1	2	2
5648	1	50	2	22	5.5	533.30	3	1	1
5640	1	52	2	33	29	1337.50	3	1	1
5642	1	34	2	19	9	2700.00	3	1	1
5610	1	50	2	34	31.5	100.00	1	NA	1
5655	1	65	2	16	0.5	200.00	1	2	2
6206	1	31	2	13	6	1450.00	3	1	1
5605	1	53	2	23	13	875.00	1	2	2
5604	1	45	2	26	20	750.00	3	1	1
5609	1	65	2	NA	13	41.70	3	1	NA
5651	1	34	2	7	4	166.70	1	1	1
5601	1	58	2	37	34	375.00	1	NA	1
5626	1	58	2	34	32.5	150.00	3	0	1
5627	1	45	2	24	12	2400.00	3	0	1
5612	1	59	2	NA	14.5	425.00	3	1	2
5613	1	56	2	NA	5.5	375.00	3	2	2
5657	1	51	2	24	13	1000.00	1	1	1
4454	1	56	1	40	27	387.50	3	2	2
4432	1	58	1	37	26	375.00	3	0	1
4436	1	57	1	36	28	125.00	3	2	2
4435	1	30	1	12	10	450.00	3	2	2
4453	1	47	1	NA	13	1700.00	3	1	1
4447	1	53	1	29	10	1950.00	3	2	2
4438	1	50	1	29	16.5	250.00	1	2	2
4443	1	53	1	NA	5	250.00	1	0	0
4442	1	53	1	37	33	837.50	3	1	1
4444	1	57	1	34	30	175.00	1	0	0
4445	1	52	1	28	23	500.00	3	1	1
4424	1	40	1	19	12	900.00	3	1	1
4428	1	67	1	49	16	50.00	1	1	1
4415	1	48	1	30	10.5	562.50	3	2	2
4409	1	52	1	33	28	1125.00	3	1	1
4452	1	45	1	21	10	766.70	3	1	1
4411	1	61	1	26	10	1750.00	1	1	1
4422	1	49	1	28	6.5	275.00	3	2	2
4401	1	38	1	22	11.5	1075.00	3	2	2
4419	1	43	1	22	16.5	1100.00	3	2	2
4420	1	42	1	20	6	1750.00	3	1	1
4430	1	44	1	17	1.5	162.50	1	1	1
4427	1	35	1	14	2	500.00	3	2	2
4407	1	49	1	24	12	1375.00	1	0	1
4406	1	38	1	22	6	2050.00	3	1	1
4431	1	46	1	19	9	1100.00	3	0	1
4417	1	63	1	38	4	1025.00	3	1	1
4405	1	47	1	24	7	800.00	1	1	1
4455	1	60	1	43	38.5	325.00	1	NA	0
4449	1	61	1	41	38	100.00	1	1	1
4448	1	45	1	NA	1	633.30	3	2	2
4421	1	49	1	27	6	1125.00	3	2	2
5645	1	50	2	26	0.5	416.70	1	1	1
5614	1	65	2	42	10	62.50	1	2	NA
5652	1	48	2	NA	6	925.00	3	0	0
5654	1	62	2	44	20	62.50	1	2	2
5644	1	38	2	20	14.5	212.50	3	1	1
4019	1	40	1	16	7	850.00	1	2	2
4451	1	39	1	11	4.5	625.00	1	NA	1
5638	1	49	2	31	30	625.00	1	0	0
4425	1	59	1	27	6.5	833.30	3	2	2
4450	1	65	1	33	12.5	250.00	1	2	2
5618	1	60	2	42	34	1000.00	1	1	1
5602	1	65	2	15	12.5	450.00	1	NA	1
5244	1	55	1	38	18.5	300.00	3	1	1
5238	1	45	1	25	8	1000.00	3	2	2
5262	1	36	1	19	12	50.00	3	1	1
5266	1	53	1	24	8	0.00	3	1	1
5250	1	65	1	24	11	325.00	1	1	1
5206	1	41	1	17	5.5	1100.00	3	2	2
5208	1	47	1	21	1.5	250.00	3	2	2
5267	1	55	1	36	26.5	350.00	1	1	1
5209	1	60	1	31	25.5	408.30	1	2	2
5214	1	46	1	28	28.5	425.00	3	NA	1
5252	1	48	1	30	9	450.00	3	2	2
5270	1	41	1	25	24	500.00	NA	1	1
5207	1	65	1	NA	12.5	187.50	3	2	2
5242	1	51	1	29	12	143.75	3	2	2
5211	1	53	1	38	19	1125.00	1	1	1
5202	1	72	1	43	21.5	50.00	1	1	1
5224	1	58	1	36	25.5	100.00	1	2	2
5229	1	45	1	20	10	2000.00	3	2	2
5231	1	36	1	19	10	1375.00	3	1	1
5264	1	55	1	44	41	125.00	1	2	2
5201	1	52	1	31	13.5	500.00	3	0	1
5235	1	46	1	26	18.5	200.00	1	2	2
4008	1	74	1	NA	7.5	62.50	1	2	1
5241	1	41	1	25	20	975.00	3	1	1
5269	1	51	1	NA	4.5	62.50	1	2	2
5237	1	44	1	26	19	437.50	3	0	0
5247	1	32	1	16	9	375.00	3	1	1
5239	1	39	1	16	8	862.50	3	1	1
5248	1	40	1	21	7	700.00	3	2	2
4029	1	65	1	44	39.5	93.75	1	1	1
5222	1	55	1	29	30.2	250.00	3	2	2
4025	1	53	1	27	17	62.50	1	1	1
4020	1	64	1	36	24.5	125.00	1	2	2
4036	1	67	1	NA	6	65.50	1	1	1
4009	1	63	1	34	16	62.50	1	1	1
4030	1	53	1	32	10	212.50	1	1	1
4013	1	64	1	37	9.5	287.50	1	2	2
4017	1	68	1	34	19	0.00	1	1	1
4041	1	66	1	35	15.5	487.50	1	2	2
4045	1	58	1	32	20	350.00	3	1	1
4046	1	54	1	34	8.5	366.70	3	2	2
4044	1	54	1	38	16	387.50	1	NA	1
4042	1	69	1	35	28	75.00	1	1	1
6205	1	60	2	44	40.5	1750.00	3	1	1
5007	1	56	1	36	32.5	250.00	1	2	2
5009	1	46	1	28	21	1750.00	3	2	2
5004	1	54	1	33	10	1337.50	3	2	2
5002	1	40	1	23	20.5	500.00	3	NA	2
5005	1	49	1	NA	15.5	150.00	3	2	2
6208	1	52	2	29	27	587.50	3	0	1
6213	1	53	2	NA	15	500.00	1	NA	1
6207	1	61	2	38	35	637.50	3	2	2
6201	1	65	2	NA	33.5	487.50	1	1	1
6210	1	51	2	NA	18	625.00	3	1	1
6211	1	57	2	38	25	562.50	3	1	1
6202	1	53	2	34	32	156.25	3	NA	1
4018	1	60	1	37	16.5	193.50	1	2	2
4037	1	54	1	37	20	256.25	3	2	1
5251	1	49	1	31	8.5	525.00	1	0	1
4016	1	56	1	35	14.6	250.00	1	0	1
4310	1	66	1	46	17	25.00	1	1	1
5213	1	53	1	32	31.5	125.00	1	2	2
5010	1	69	1	NA	18	125.00	3	1	1
5027	1	67	1	NA	31	25.00	1	1	1
5023	1	37	1	23	19	1650.00	3	1	1
5018	1	52	1	33	31	250.00	1	1	1
5017	1	51	1	33	27	525.00	1	1	1
5019	1	54	1	NA	10.5	100.00	1	1	1
5011	1	63	1	33	19	62.50	1	NA	1
4408	1	38	1	17	15	450.00	1	1	1
5012	1	39	1	21	18.5	2000.00	3	1	1
5016	1	51	1	34	33.5	1750.00	3	1	1
5015	1	45	1	24	20	650.00	3	2	2
5013	1	40	1	23	22	825.00	1	1	1
4306	1	51	1	31	30	687.50	1	NA	1
4307	1	65	1	44	34	300.00	1	NA	2
4023	1	67	1	29	15	937.50	3	2	2
3509	1	50	1	30	22.5	483.30	3	1	1
3508	1	46	1	28	22.5	2600.00	3	1	1
3506	1	65	1	NA	13.5	1200.00	3	2	2
5301	1	42	1	24	10.3	1250.00	1	2	2
5306	1	43	1	17	7	950.00	3	1	1
5303	1	39	1	15	11	466.70	3	2	2
5320	1	28	1	10	3.5	2800.00	3	1	1
5316	1	40	1	23	8.5	2000.00	3	2	2
5311	1	58	1	34	10	375.00	1	2	2
5317	1	62	1	30	16	450.00	1	1	1
5307	1	38	1	21	5.5	1850.00	3	1	1
5312	1	42	1	18	9	1075.00	3	2	2
5324	1	43	1	NA	6.8	125.00	3	1	1
5318	1	23	1	6	3.6	1100.00	3	0	0
5313	1	35	1	14	7.5	200.00	3	2	1
5302	1	71	1	NA	6.8	93.75	1	1	1
5323	1	65	1	42	1.5	175.00	1	2	2
5309	1	45	1	24	2.5	1400.00	3	1	1
3502	1	31	1	14	4.5	653.25	3	1	1
3503	1	64	1	36	18.5	10.00	1	1	1
3507	1	61	1	32	25.3	50.00	1	NA	1
4054	1	59	1	23	8.5	25.00	1	1	0
4514	1	65	1	NA	26	150.00	1	2	2
5401	1	28	1	9	5.3	525.00	3	NA	NA
4508	1	40	1	15	7	1266.70	3	1	1
4507	1	36	1	17	12	1125.00	3	1	1
4518	1	47	1	NA	14.5	2137.50	3	0	0
4512	1	45	1	28	8.2	400.00	3	NA	2
4504	1	63	1	NA	16.4	425.00	1	2	2
4501	1	41	1	NA	10	1650.00	3	1	1
4503	1	54	1	32	9.3	250.00	1	2	2
4516	1	60	1	NA	6.3	31.25	1	0	0
4524	1	46	1	33	11.3	2083.30	3	2	2
4502	1	51	1	23	13.8	312.50	3	1	1
4519	1	59	1	40	27.4	725.00	1	2	2
4522	1	43	1	27	15.3	425.00	3	1	1
4515	1	51	1	35	10.8	450.00	3	1	1
4517	1	37	1	14	8.2	566.70	3	1	1
4505	1	66	1	45	29.1	31.25	3	1	1
3510	1	60	1	NA	16.5	500.00	1	NA	NA
3505	1	46	1	26	22	675.00	1	2	2
4510	1	43	1	25	22.5	81.25	1	2	1
5315	1	46	1	13	7.5	875.00	3	0	0
5319	1	61	1	36	7.8	100.00	3	1	1
5322	1	51	1	NA	7.5	1125.00	1	0	0
5308	1	67	1	40	26.5	580.00	3	1	1
4513	1	61	1	36	8.2	1258.30	3	0	0
4523	1	52	1	31	26	583.30	3	2	2
4509	1	36	1	5	1.3	100.00	1	1	1
6301	1	72	1	42	39.6	375.00	1	1	1
6414	1	85	1	NA	3	10.00	3	1	1
6505	1	71	2	NA	27.8	0.00	1	1	1
6501	1	68	2	39	30.7	500.00	3	1	1
6502	1	68	2	NA	14	50.00	1	1	1
6506	1	69	2	NA	46	450.00	3	2	2
6504	1	83	2	42	4.3	25.00	1	NA	1
6503	1	71	2	45	9.1	0.00	1	0	0
6410	1	72	1	26	7	50.00	3	1	1
6406	1	88	1	37	13.3	37.50	3	0	0
6409	1	72	1	31	9.6	137.50	3	2	2
6404	1	80	1	39	6.8	50.00	3	1	1
6402	1	75	1	33	10.3	137.50	1	2	2
6403	1	73	1	52	6.5	0.00	1	2	2
6407	1	79	1	52	0	0.00	3	1	1
7213	1	49	1	31	19	25.00	1	2	2
4032	1	62	1	43	39	125.00	1	2	2
4024	1	64	1	45	23.5	62.50	3	2	2
4040	1	62	1	36	13.5	0.00	1	1	1
4440	1	52	1	39	5.5	93.75	1	2	2
4426	1	51	1	33	30	2250.00	3	NA	2
5615	1	62	2	38	35	125.00	3	1	1
5608	1	43	2	26	15	1950.00	3	1	1
5632	1	66	2	39	20.5	31.25	1	2	2
5624	1	58	2	35	35	62.50	3	2	2
5223	1	40	1	20	12.5	125.00	1	2	2
5219	1	65	1	40	15.5	200.00	3	2	2
5220	1	68	1	34	23	250.00	1	0	0
5228	1	58	1	8	3.5	125.00	1	1	1
5225	1	56	1	36	33	750.00	3	2	2
5217	1	51	1	31	16	300.00	1	1	1
5257	1	44	1	27	13	150.00	3	1	1
5230	1	57	1	35	24	2000.00	3	1	1
5234	1	40	1	13	6.5	125.00	3	2	2
5218	1	45	1	10	3.5	575.00	3	1	0
4028	1	36	1	9	4.8	162.50	3	2	2
5020	1	44	1	26	20.5	487.50	3	2	2
5024	1	43	1	28	22	362.50	3	2	2
5021	1	65	1	27	19.4	75.00	1	2	2
5025	1	47	1	28	22.8	500.00	3	1	1
5008	1	66	1	39	30	325.00	1	NA	2
5249	1	55	1	37	16	143.75	1	2	2
5261	1	53	1	23	8.9	1250.00	3	2	2
4423	1	61	1	40	21	500.00	3	1	2
4429	1	56	1	33	10	225.00	1	1	1
4439	1	51	1	35	25	437.50	3	2	2
4047	1	61	1	42	40	186.25	3	1	1
4031	1	60	1	34	34	200.00	3	2	2
4021	1	66	1	33	99	50.00	3	1	1
4052	1	55	1	35	31.5	143.75	3	2	2
4050	1	62	1	36	25	250.00	3	2	2
4010	1	46	1	31	30	550.00	1	1	1
4014	1	43	1	26	23	1080.00	3	2	2
4002	1	34	1	28	26	1637.50	3	2	2
4007	1	43	1	24	14	100.00	3	1	1
4437	1	57	1	24	15	687.50	3	1	1
4049	1	51	1	33	25.5	700.00	1	NA	2
4051	1	58	1	NA	22.5	162.50	1	2	1
5221	1	60	1	40	27	250.00	3	2	2
5212	1	56	1	26	9	850.00	3	1	0
5616	1	52	2	NA	99	850.00	1	0	1
5621	1	42	2	24	99	60.00	3	2	2
5633	1	38	2	24	18	750.00	3	2	2
5622	1	50	2	31	20	850.00	3	2	2
5634	1	54	2	26	11	250.00	3	1	1
5625	1	50	2	27	8	1675.00	3	1	1
5641	1	61	2	43	29	1075.00	3	2	2
5006	1	71	1	48	99	1375.00	3	2	2
5001	1	50	1	30.5	99	125.00	3	1	2
5628	1	64	2	46	42	75.00	1	1	1
3601	1	44	2	24	7	937.50	3	2	2
5256	1	43	1	25	8	200.00	3	1	1
6209	1	39	2	34	20	1300.00	3	1	1
5603	1	47	2	25	7	1250.00	3	2	2
5259	1	58	1	18	99	150.00	3	2	2
6203	1	64	2	NA	23.5	175.00	1	1	1
6204	1	67	2	30	17.5	0.00	1	NA	1
5243	1	48	1	30	99	2525.00	3	2	2
5216	1	59	1	9	99	0.00	1	1	1
5232	1	68	1	51	99	25.00	1	1	1
5240	1	58	1	40	99	325.00	3	2	2
4446	1	61	1	35	99	225.00	1	2	2
4414	1	43	1	15	3	250.00	3	NA	2
5255	1	54	1	24	99	187.50	3	1	1
4416	1	28	1	5	4.5	250.00	3	2	1
5265	1	40	1	22	7	625.00	1	1	2
6212	1	56	2	37	37.5	50.00	1	NA	1
NA	1	74	1	46	38.2	0.00	NA	NA	1
NA	1	64	1	NA	1	500.00	1	NA	2
4302	1	59	1	40	26	325.00	1	NA	NA
NA	1	66	1	46	17	25.00	1	NA	NA
NA	1	39	1	14	10.5	2125.00	3	NA	NA
4456	1	60	1	43	38.5	325.00	1	NA	1
NA	1	60	2	37	26	125.00	3	NA	NA
NA	1	62	2	37	26	25.00	3	NA	NA
NA	1	72	1	42	39.6	375.00	1	NA	NA
6413	1	77	1	58	30	37.50	1	NA	0
NA	1	85	1	NA	3	10.00	3	NA	NA
7218	1	51	1	NA	11	250.00	3	NA	1
NA	1	98	1	NA	9	250.00	1	NA	NA
7225	1	54	1	NA	42	125.00	3	NA	2
NA	1	69	2	NA	46	450.00	3	NA	NA
NA	1	79	1	19	3	37.50	3	NA	NA
NA	1	72	1	45	36.5	25.00	3	NA	NA
NA	1	66	2	36	25	125.00	1	NA	NA
5515	1	60	2	36	30	425.00	1	2	2
5647	1	51	2	35	15	300.00	3	NA	2
NA	1	88	1	50	48.5	125.00	3	NA	NA
NA	1	78	1	40	19	75.00	1	NA	NA
4311	NA	NA	NA	NA	NA	NA	NA	NA	2
4506	1	53	1	36	NA	125.00	NA	NA	1
4511	1	98	1	NA	NA	25.00	1	NA	1
4520	1	52	1	39	NA	400.00	NA	NA	1
4521	1	59	1	43	NA	31.25	NA	NA	1
4525	1	57	1	NA	NA	175.00	3	NA	1
5310	1	36	1	19	NA	2600.00	3	NA	1
5646	NA	NA	NA	NA	NA	NA	NA	NA	1
6401	1	72	1	45	NA	25.00	3	NA	0
6405	1	78	1	40	NA	75.00	1	NA	2
6408	1	74	1	46	NA	125.00	NA	NA	2
6411	1	88	1	50	NA	125.00	3	NA	1
6412	1	79	1	19	NA	37.50	3	NA	0
7216	1	48	1	26	NA	312.50	NA	2	2
